10
16
20 13 10 5 1 8 16 8 1 16 7 9 10 19 5 12 
16
20 10 20 2 6 20 20 8 16 1 9 14 20 18 7 12 
16
19 18 15 3 3 13 11 4 9 6 14 15 19 13 10 16 
698
90 65 2 11 44 63 60 72 87 20 42 46 52 74 4 65 84 29 38 48 58 85 58 55 5 88 93 30 65 89 12 76 89 36 22 48 89 63 26 31 84 28 7 62 1 47 45 37 65 19 62 20 65 100 69 4 54 4 15 41 68 78 24 36 91 86 27 28 47 47 20 61 95 77 98 98 12 11 22 70 43 60 54 93 36 28 21 97 61 69 34 9 62 59 76 48 2 97 69 49 54 4 1 14 88 85 36 95 3 54 66 84 45 57 23 73 57 41 52 17 6 77 72 89 27 14 30 86 9 31 11 86 78 95 83 70 51 14 77 64 48 32 6 28 15 2 48 7 42 83 55 72 81 2 25 89 7 4 77 41 12 9 85 24 15 78 38 38 52 85 88 33 61 100 89 12 81 75 18 20 41 1 49 70 98 73 65 57 15 53 59 42 95 71 37 97 97 53 32 17 76 38 41 43 17 23 56 11 51 8 65 15 1 12 40 76 13 42 99 22 25 93 44 40 26 72 80 12 89 90 14 76 89 33 53 40 92 65 2 22 17 84 24 8 34 36 28 17 71 9 11 87 78 23 93 15 21 25 41 25 85 59 99 1 4 14 76 55 61 26 52 7 83 9 4 92 51 29 70 86 22 97 62 4 51 44 22 11 76 31 82 1 46 2 20 18 21 12 6 25 30 46 13 25 41 41 92 6 98 83 46 97 43 47 16 2 46 32 38 97 39 4 7 83 1 61 4 39 21 16 45 36 74 33 58 25 27 25 45 98 18 61 59 64 55 24 12 52 73 95 38 40 6 16 97 27 40 85 65 7 30 62 4 83 61 94 79 85 97 24 62 96 20 96 6 63 92 6 31 74 66 45 78 33 21 25 4 34 89 57 11 93 62 42 33 7 64 78 59 83 84 56 16 73 42 88 70 24 76 29 60 97 31 30 68 62 13 42 55 47 39 99 7 100 8 100 88 58 85 69 39 19 42 91 22 80 93 45 96 49 6 83 28 28 35 1 47 13 88 62 83 22 45 33 73 17 43 35 71 34 57 55 50 55 36 54 1 77 45 7 83 93 65 6 2 87 45 15 73 30 8 38 63 64 29 52 88 70 29 97 83 43 16 55 49 53 51 53 13 41 2 85 20 45 87 59 59 3 63 96 99 83 11 70 76 47 46 20 89 43 69 24 7 72 63 67 47 33 50 52 29 87 69 29 59 84 55 58 15 87 88 72 32 42 87 49 14 66 48 37 67 78 55 72 28 17 92 17 49 5 80 67 90 80 12 21 35 86 29 3 61 91 84 6 37 35 74 53 72 86 87 70 75 17 91 19 9 22 5 6 15 51 7 1 79 26 37 50 45 56 25 46 61 79 47 36 37 52 94 76 86 57 47 61 52 95 97 96 16 8 96 2 96 38 42 43 89 47 6 72 8 60 3 62 21 28 9 60 45 11 18 67 1 70 12 16 31 9 77 50 25 38 95 44 69 67 76 37 83 39 89 82 69 25 7 8 18 61 62 23 32 27 62 30 37 62 30 48 68 81 47 86 85 24 29 74 97 33 55 75 2 76 81 10 95 4 97 100 
374
43 35 1 59 41 94 85 17 11 82 41 42 65 11 28 88 54 57 70 4 88 38 9 22 48 82 22 79 83 81 70 50 48 86 5 78 20 98 8 10 47 82 42 58 9 49 16 29 61 73 81 72 85 33 38 66 18 19 55 68 5 52 2 11 70 8 53 32 64 74 26 87 6 75 9 75 88 30 13 13 24 100 91 39 34 28 20 59 63 90 81 3 42 80 3 99 41 58 99 54 97 34 56 97 70 74 100 46 6 64 69 19 32 30 87 65 10 63 93 36 6 86 11 80 31 54 67 30 3 58 64 99 76 10 98 96 1 53 40 78 59 16 18 100 84 51 63 3 46 95 18 6 11 3 23 54 67 15 68 27 50 66 40 84 12 14 72 11 3 90 97 40 76 67 81 16 28 19 9 29 72 90 78 52 90 97 99 70 6 81 7 55 82 100 59 80 86 75 54 78 26 91 66 88 44 75 70 66 52 86 90 78 11 37 7 63 32 28 92 95 1 54 36 81 45 82 48 48 32 35 3 43 64 34 57 1 79 86 9 90 61 4 42 7 51 37 23 2 72 85 90 58 31 85 58 86 29 63 81 75 52 55 100 19 93 54 72 51 26 23 13 73 66 62 33 95 37 72 3 74 87 22 53 6 72 41 30 21 37 26 92 38 42 76 77 1 27 58 56 68 56 29 51 3 92 6 3 19 44 44 71 59 67 96 72 48 61 40 33 11 18 57 58 5 88 20 90 19 32 84 21 37 37 62 43 7 9 89 27 70 44 99 7 72 82 60 48 16 93 77 61 92 95 39 55 99 8 97 11 13 79 67 19 1 29 93 97 58 31 24 54 5 66 3 
378
10 12 32 82 29 64 68 66 35 72 84 66 5 50 26 99 28 57 75 33 62 93 78 73 100 86 93 64 68 5 35 38 4 79 30 43 36 26 41 50 57 98 40 41 26 52 78 100 88 93 44 53 76 44 53 82 83 8 42 77 58 81 90 57 95 21 72 6 72 96 8 71 77 63 87 34 27 16 7 12 84 63 74 73 92 95 38 62 66 47 49 49 67 10 46 28 98 18 40 82 30 49 29 39 92 9 1 2 28 73 48 56 52 87 62 18 50 21 1 27 83 99 60 71 81 69 62 31 2 96 17 50 29 26 16 16 5 52 63 37 8 80 53 4 2 30 74 24 45 58 94 54 7 98 18 72 37 98 14 98 71 25 14 27 78 57 25 51 61 83 79 38 99 56 86 11 15 67 71 22 65 70 50 67 17 30 31 16 66 27 94 44 72 20 13 1 40 41 33 47 75 74 26 71 30 17 99 26 50 86 17 86 88 82 15 45 70 22 7 39 22 22 74 79 50 42 25 92 8 31 26 26 40 45 77 70 17 3 88 46 37 88 9 90 80 81 90 22 25 47 86 45 85 38 10 57 24 94 94 96 94 45 45 98 56 89 38 76 99 87 33 21 80 48 69 43 69 15 20 48 87 56 8 73 88 91 74 23 51 60 64 72 1 30 11 56 94 81 83 65 9 32 30 55 60 22 27 29 4 29 67 28 31 77 45 37 27 62 87 8 98 68 75 22 58 58 94 84 35 69 14 49 66 67 60 74 61 43 6 95 24 26 9 22 74 18 65 47 85 26 15 98 70 23 3 80 52 66 80 82 98 86 69 43 51 78 45 21 78 22 61 31 94 38 40 5 76 32 
140
56 34 84 79 27 82 76 88 50 56 17 35 37 80 39 83 33 68 83 99 91 44 83 86 91 70 94 2 79 100 46 70 83 8 66 12 88 55 24 35 10 73 3 45 59 49 12 23 73 40 26 76 37 66 27 100 4 27 17 86 58 51 5 23 86 61 98 64 89 17 69 14 3 92 76 41 74 48 69 23 88 87 13 54 95 61 33 91 66 38 55 100 47 44 91 32 55 73 100 33 62 3 1 30 44 61 17 39 95 57 87 50 6 51 10 19 20 84 25 11 41 94 20 31 70 64 6 95 55 81 86 65 87 90 48 20 82 19 37 35 
1458
2205 2985 1368 4290 6529 748 5345 4290 8932 5771 7580 4301 4580 5389 6721 471 1906 2190 5410 2386 312 1566 1526 4435 2493 2284 7382 241 8263 7173 1741 8782 2352 8696 4873 2010 7612 716 6919 6867 9209 4420 814 817 1704 7394 5321 1713 571 2297 6939 6848 3184 3511 2991 1563 5373 8195 4686 8677 7244 756 5221 2073 9273 6995 7861 6768 5577 6033 4444 7732 8958 1195 6197 230 5497 8397 5435 8414 3935 7861 6212 1281 1006 922 6924 7911 6257 8813 4031 6349 739 9214 6683 825 7745 2370 7828 9805 4899 7011 1338 989 5132 6201 7145 8788 2015 1192 9648 9940 3781 4489 756 1292 4076 6190 501 7375 9954 1744 9712 4723 851 1035 1623 3351 8255 7085 9567 1097 5536 6427 1304 326 2090 84 7138 3171 5571 9962 2526 9084 997 2174 3698 6763 4786 4171 4578 1739 376 678 9931 3997 2405 1636 913 5851 3164 5021 9004 7659 1240 8448 6190 4551 6065 1270 5256 7098 4269 4123 7854 5453 2185 7611 5464 772 1016 9417 299 9602 6074 2614 4647 3108 8480 3360 2945 4108 2240 5065 2132 4173 6789 9706 2596 359 696 2567 6180 4723 7236 1716 328 3777 7510 1880 4845 671 1668 2337 2488 7454 8545 6793 7724 2496 4254 3784 5328 4564 7122 2185 2240 2357 7980 993 802 6799 7032 3486 4652 4 1857 6012 4933 2206 2855 3838 697 2550 9441 6874 6881 6901 8388 4070 322 4104 7620 3570 6580 6009 9626 6358 6518 8204 1639 30 5840 8039 761 691 1018 102 2076 1675 7563 174 5970 2883 7476 1232 2517 7293 6734 4672 3612 5845 9201 310 7500 4152 2743 2356 8977 6407 2224 5370 78 7000 3655 7831 4978 7550 5684 3681 4555 3066 564 535 4783 4498 5238 7508 5640 8625 1751 2614 9632 6830 1185 6064 6606 5586 7999 9869 6271 4468 1140 4551 473 7943 4941 6119 7419 4584 196 909 5289 4240 8262 1265 6327 4704 1335 1979 1812 7294 853 7697 9273 6746 4234 6751 5905 4854 1286 2700 12 454 4492 714 1647 9668 4075 4126 462 4551 7857 7921 5756 7877 4203 9926 578 7303 4255 5677 7822 3884 3870 3703 9998 6928 836 2027 2926 4174 3522 121 6110 356 2495 6493 2824 4838 7418 2037 3888 6294 5874 2358 1229 4658 1145 1965 6615 4942 9783 3906 8721 1444 923 3377 1144 3721 1848 7516 685 4386 9309 3755 5120 5174 9268 1558 7645 1350 7776 8548 4892 9194 1521 6132 2467 3886 5530 7949 3694 813 6533 705 7810 7181 3045 743 2223 9547 956 345 453 8792 6926 347 9464 7525 3461 9854 1846 1258 7175 1315 5303 8717 2133 1587 2327 97 8549 799 8481 5885 1490 8852 2188 767 482 481 154 7376 7449 9148 2830 2090 2173 1761 7278 7800 4857 2988 9418 780 4085 7578 1596 5334 646 5339 848 3684 2306 4091 9510 7205 4471 9857 5509 7731 5468 5159 962 6256 7912 1291 6673 4207 4530 2213 267 4167 536 5146 9842 1363 1732 4160 4881 8366 8364 8276 7399 3038 889 5448 2725 7901 5354 9505 1381 4368 1146 6928 9150 241 7295 111 3558 6464 5461 6574 1383 6410 5946 8174 1925 312 4251 1311 1982 4908 1119 1717 2371 711 370 5920 1479 3342 9621 6780 5509 5598 5412 3061 23 9469 3384 3215 9924 9876 7342 6534 1609 6554 6599 962 7196 162 7761 8861 525 8136 8647 6791 4413 3415 3269 1673 3763 7743 5583 7705 3549 3269 5377 5950 1828 7388 4025 9717 2164 9619 69 4435 3178 8238 839 3900 6510 377 4832 8995 6611 1770 2444 5058 5965 7559 5786 2924 4978 8632 4383 1506 484 1694 4603 5875 5758 756 8204 1927 461 565 4450 7742 7425 111 8147 580 3444 4582 15 4553 5451 75 2374 2350 4954 6478 8873 1617 2396 1314 2767 8909 6787 9344 329 2700 3805 1343 9432 3663 6024 4515 3277 3503 327 9667 9761 6100 902 6096 4310 726 9658 626 9438 6003 8637 7668 9930 5440 696 7172 7542 4915 9489 1620 7315 4176 9208 2532 9589 243 6621 2964 1326 6654 5268 6644 826 9827 4507 2399 7933 5059 2027 7079 6394 9320 4221 3858 38 3809 7503 8134 1116 4956 1111 8081 1233 3177 8776 5484 3387 1259 2739 8800 4286 4482 5807 2394 1015 7096 3676 3435 4780 2985 4452 5331 4371 7110 1011 3631 5027 187 4008 3904 1497 4272 733 3519 2507 4925 5028 9134 8370 3969 8658 7376 2595 4933 4609 3275 8366 9212 4384 541 3500 2286 9005 2893 7330 149 1030 3572 9947 5927 9884 5803 6757 1302 154 4118 2474 2533 6821 1266 4914 8204 2451 8203 375 5533 4513 7265 6521 7287 5328 4748 9187 8634 2399 7821 7598 9021 2863 1655 756 4733 1139 7390 568 8759 502 5759 4452 1464 8722 208 8995 4227 7678 7721 3728 8931 2999 7348 6414 97 1763 4016 3386 55 5986 8716 2030 1974 3350 2786 936 965 6724 3842 3898 9787 8394 5713 6514 9536 4404 4833 6653 3807 1690 2067 5208 126 2189 7050 7351 6225 4434 3234 9625 4156 1293 1953 5852 1527 7586 1565 2109 1335 4695 5342 1619 106 7006 6484 4877 2451 7714 92 2296 5752 8400 1536 6581 7544 7145 5981 1467 224 644 6985 5113 4736 1721 5524 7119 4474 9995 6750 6189 9370 3286 8154 3131 5868 2233 1969 507 3802 4373 3178 7628 6533 1672 6120 8833 3655 6499 7060 961 2615 5954 4013 1808 2412 845 2430 2254 805 4954 6799 3231 4792 8134 6318 6203 4729 6532 8527 822 3997 7509 8433 5490 2432 4697 5508 6627 1588 4596 984 6403 956 6948 9991 2584 2920 1346 1750 9443 4785 6167 9863 8042 4135 6753 2723 1433 8616 6151 3910 9684 4100 7657 9676 3248 2927 8923 8011 2147 9591 420 7296 8424 3239 4001 286 7831 9883 6079 340 773 6645 2826 2719 9112 4592 6831 5264 2254 2658 57 8335 2943 295 2762 9568 6639 1771 4055 7173 8489 8264 4826 548 488 7266 210 4426 6087 6511 8077 3904 8396 5355 3449 7374 9680 170 5160 685 2163 3487 1010 3409 5661 8349 9871 8551 7000 1452 3589 698 7964 3327 8846 8604 1659 4035 766 4404 3407 3898 6708 3155 7296 6921 6511 9996 6666 1071 1475 6275 254 2007 1099 3204 9352 1919 1745 3144 5730 7658 4812 3219 4871 8387 8154 5409 3833 3284 6350 3603 9527 1029 4283 4884 8057 552 7042 6449 6206 8773 152 4329 6761 5090 9596 5953 9207 7013 4711 3179 7060 8653 501 6295 9951 3869 291 8218 1739 1787 3130 2335 631 9240 7755 9196 8559 6960 1098 3990 884 949 208 8759 3675 5575 7868 9583 7938 295 6346 6264 824 7596 9991 1183 397 853 5748 6528 2935 9520 9369 6145 7654 6683 8715 3970 7819 5593 8529 2338 8037 2087 5299 1254 1355 6111 4 6182 9169 781 5026 552 9685 224 2571 3298 8153 8307 4115 4218 3350 5197 3283 9199 2446 470 3396 5934 4915 7403 1900 5374 5911 4563 6488 9581 2995 7010 9419 7534 1276 4302 4838 5811 6371 5473 5161 4984 3307 2015 696 176 6208 1800 2417 2596 4374 1760 973 6824 1760 2077 3110 9440 7507 5873 2248 3748 154 8392 2250 2352 3547 116 4511 6815 4745 1015 9096 1049 3468 8416 1596 9370 7566 1051 2571 5429 3719 6834 9727 4457 3099 8040 9540 9506 2274 8632 154 8147 8920 809 1193 3507 2790 2597 4644 8886 5969 6026 576 7694 9922 6304 6935 1777 4614 636 568 9884 2743 5396 2578 9960 9274 5220 9601 5772 570 7809 6263 2179 3749 7388 9967 3568 6725 2938 6014 3423 6802 1185 2986 814 5942 6821 4864 1756 1842 2516 1489 3376 159 1198 2621 2237 6231 2281 8259 9828 5812 6260 2966 8555 4697 6155 5012 4797 2289 8522 1268 2371 4068 3141 4574 465 1249 9000 4784 371 3800 7386 1437 3017 3895 1416 360 3505 4440 9391 5970 5732 9561 6425 7297 3300 1884 2172 4865 853 1168 8015 3231 3752 5728 47 6307 9168 2010 6993 2430 5839 1714 1912 3077 4544 1096 41 941 4827 1047 9917 6983 8932 2592 8632 1997 5748 8263 4776 3550 7853 8731 6271 6598 3368 1500 4324 178 3602 9144 7303 947 8614 3031 9796 7329 6156 5352 4490 8609 2275 2187 7037 3802 4570 4896 1096 3380 3014 2384 3735 3346 3311 6795 4963 9010 331 7777 8831 1971 7375 1717 4323 3654 8003 1871 5175 600 2981 2240 6227 559 5233 7900 4357 9954 7488 1219 1618 3470 8287 
2400
3088 5862 2738 6390 6419 1675 1528 5479 3463 2957 1023 6312 2030 5744 8315 2417 9225 1394 9844 1017 140 1388 6398 8290 2526 5528 9454 1680 5886 6162 5305 4991 8380 5426 1966 3302 2551 7048 8231 1127 4083 6504 4779 5961 5054 9817 9944 8919 9090 5401 192 2922 3469 7571 1777 6292 5391 3331 858 9455 9172 9993 3883 4742 1124 157 3132 4225 5927 1154 1184 4071 8060 5933 3035 7375 379 3112 9361 1224 3418 402 5473 1178 5805 218 5155 444 1074 2732 2862 3096 172 3674 8845 7531 4334 9199 8690 7841 5930 192 9980 9265 1498 8356 9877 4788 4575 278 8047 2012 9592 9672 8528 4387 4630 3385 6395 6577 6429 1354 5249 1443 4397 558 1096 1608 9762 2721 1867 9277 5369 539 1986 4491 9237 4676 3555 575 4864 3370 3561 9563 3733 7504 6356 6972 2542 234 1441 4428 7049 614 4732 1480 5249 5869 4851 9748 666 1915 1740 5645 1100 4906 3418 367 388 4054 2012 1865 6360 9085 6775 4990 3465 4757 8421 5965 8958 8562 5709 8259 7262 184 7717 2175 1246 2238 4870 8630 9036 1764 9855 7737 8939 1718 8268 7572 7265 9441 121 5000 8221 3222 6337 9467 7916 5005 1116 8686 9486 1884 1768 7935 2900 759 310 7248 3261 5242 1993 9464 5602 9973 219 1097 3214 1271 1073 7922 6450 2046 2448 5 3032 62 6976 9771 9414 1152 4991 599 3781 45 4425 1688 1299 6828 7239 1331 54 6792 9301 4593 9826 3573 2697 9413 7212 8500 9681 7760 3264 1333 2187 6120 5728 2988 3963 8278 7326 6056 297 7456 7693 304 4569 2279 2994 1134 1231 8273 2736 8977 1490 6425 5445 7853 2384 6661 8271 2982 786 7336 1763 6093 530 7337 3599 25 5882 7429 4222 4666 4207 3153 1116 2859 862 834 5562 4678 870 1136 309 1292 6566 7432 2162 6356 1304 497 4381 4 558 8657 4738 606 4523 1329 4587 6605 1862 8030 9708 7425 827 6338 1835 4246 3586 6851 2547 7787 5508 2201 8587 7874 4779 1222 1187 9187 2873 2257 8655 5655 9548 4867 6487 4642 1984 9446 685 5567 4342 5419 3825 5794 8420 9339 8290 3946 5261 1584 6229 3510 354 5733 9579 4730 5224 3163 2462 1938 5740 5261 6556 4502 3317 1942 2808 2830 3817 562 2845 4392 9074 8834 6420 2264 4946 6468 2968 3311 4485 2963 392 8687 311 6906 9341 813 3078 8063 1900 1224 9944 7582 5902 218 3503 8690 8238 6989 1692 7227 3299 7967 2355 2045 7775 3113 830 8486 4551 3868 5940 674 323 1181 9979 2882 7352 6947 5755 6954 2453 222 5221 5434 2395 9418 9524 3984 513 8260 371 8443 4934 3053 1024 7187 5208 2877 2351 5367 5765 9018 6545 8311 7280 2648 8119 2804 9910 1363 2289 308 273 4827 5468 9786 9628 2287 6876 2294 4409 6046 2614 7961 8528 6585 5233 1996 9240 7117 3789 6305 9995 6800 7605 1225 4021 3002 5953 9495 1197 6934 3952 7590 8551 3032 4276 8055 8009 7489 1598 3693 6205 8001 5339 3213 4439 140 3983 1503 7431 9649 817 6938 5745 8199 2663 8672 4811 408 8868 2229 3286 1171 6399 2166 3681 12 4933 4103 8602 5559 3042 1086 2615 1109 2396 846 8148 2702 5744 6342 541 3616 6034 4892 1102 534 4111 7204 7114 6829 3637 7797 601 4531 294 7469 789 5808 2120 6548 4823 8906 1104 7439 7389 2307 1792 3958 3023 5126 3375 2744 834 2115 1736 1469 7580 9606 2118 8973 5433 5247 5038 1135 9918 1037 4077 9764 2044 412 212 4917 5207 113 1761 4090 3016 5091 1232 396 4783 5677 4737 9773 2077 337 7148 9959 3505 4783 162 1731 241 2438 6470 1931 5900 5962 7805 5377 46 375 6049 722 3411 6405 3228 9669 7951 6748 883 1688 1502 2794 1008 6557 9543 6195 8421 97 5094 5608 5038 526 3515 7899 1030 9089 5565 5378 9308 4542 7202 506 5096 7458 979 2413 8105 1178 7692 55 6769 3042 1906 6790 3907 593 8936 1392 3099 3603 915 1802 4079 1542 5965 454 1509 2425 1047 1068 9733 9250 9122 6636 2512 9535 3503 4642 6769 8448 8165 1579 2914 2723 4308 5384 6770 2207 5768 8657 9495 3109 7424 4956 703 5491 4271 7182 7627 9275 2371 2224 7997 9861 7380 1158 5921 3344 2767 2540 7370 4142 9572 1681 1967 8833 4908 8169 2406 9024 1519 8974 6239 1535 3429 4071 8869 6990 4923 3419 496 656 1912 1608 9102 2334 3361 1951 1571 7261 2906 4658 4143 3758 6383 673 1807 5301 2258 7681 2470 7036 6404 2654 5502 4409 5625 18 7545 7949 2071 8295 6461 6798 1632 3225 4127 2695 1649 5152 943 3342 4874 6957 4629 5623 3502 3730 1706 1431 2797 5559 9163 604 9377 7194 2537 3083 3061 3846 7316 345 6909 1960 489 4382 9681 4654 6393 2567 8332 3456 9676 2859 5813 5572 9686 897 107 8749 633 1280 2550 6387 763 5846 3660 4953 602 1517 7137 4011 9309 7291 9363 2822 2780 4841 8261 9180 835 3638 8233 584 4803 6301 9684 8512 2409 1876 9644 4649 1715 8118 2661 3854 560 20 1213 1012 1576 6727 7141 840 2428 9193 8097 5850 7695 7749 7458 9198 165 5964 4914 5744 1354 3370 5566 1192 3047 2616 8763 6910 544 8899 7698 1824 690 5980 4430 4242 2571 1106 4713 4837 1658 4829 513 8731 6521 2972 5248 7274 407 9665 3437 7471 5755 219 429 901 1318 8309 2846 3734 4105 5325 9045 8800 1063 1112 1046 4540 2092 1796 2148 5611 9758 270 2746 5714 4706 8516 1961 5081 8130 7694 371 4254 8590 4985 3591 638 8561 4211 1550 2647 1845 14 438 695 7673 6703 3692 7289 8338 5158 8559 2946 1104 5491 7971 2071 163 7143 276 2 3213 1369 8251 6676 2905 2250 2261 6972 1117 1179 3266 6665 7372 333 6268 5293 4287 8569 7577 9970 6437 4001 3714 6802 9545 9462 2565 1329 2195 8060 3528 1293 6081 6539 1119 8042 8678 280 5999 2183 8644 2899 7892 9829 8455 98 6048 553 754 893 5573 7247 5678 3115 6965 6241 543 7822 8872 8041 8106 9691 1870 84 6004 2957 8981 5447 7277 2089 6717 422 6877 5892 5754 7202 8093 9572 8874 9075 4697 7925 7592 8647 5044 8206 5552 506 109 739 9044 3318 8288 4140 8878 4908 4496 7669 1654 9780 5300 7143 4215 3250 2096 9511 9757 410 678 8237 1730 8100 2588 5048 2282 3651 5983 9729 1834 707 2024 6749 5664 993 8366 1030 2175 7248 1917 556 3850 7417 741 6888 3412 4098 3894 8706 3237 6562 298 324 3952 5044 5907 9406 7026 8298 5800 7355 525 8132 8922 7220 8358 4226 891 3667 8347 7686 9169 9867 5625 1293 1288 918 1581 9343 6870 1263 3802 1028 2434 5441 5531 6426 4983 2047 713 9653 9798 1670 1455 5943 8442 3584 2716 6128 5344 9035 2488 1446 470 1145 4699 2600 8787 1880 1114 4464 8 5029 7796 8504 565 6252 3276 8943 5151 1316 8199 268 1905 777 2345 7473 4305 5641 299 1907 5364 8868 8655 6697 7812 5533 3063 8020 7552 7798 9523 2350 1765 6219 7530 6406 4028 3566 4651 6698 7828 1155 5844 2022 8513 6460 3267 700 3541 488 2474 2260 7055 4119 4952 711 2033 9777 4214 6326 6054 1448 2208 8833 2212 1115 2357 1477 7390 173 6704 5668 509 8341 1512 2283 2943 9719 9412 8240 6496 6355 1043 1675 7913 6652 139 935 1751 3452 385 1785 6926 2054 1384 6080 9197 1596 2061 413 6611 5314 7139 9237 5698 5250 9034 9444 5442 8002 8326 7349 8522 8771 9308 7359 5131 5851 5328 9458 6125 6198 7005 4147 8031 824 2693 6436 3880 2374 6234 2007 2883 213 475 964 1979 1555 6515 2921 419 741 2671 5458 1049 8865 4847 8617 5596 4781 9518 3007 3164 8791 9317 2492 5857 2646 4125 6884 734 8225 7668 7771 3255 5311 7426 3513 8481 8062 8027 5921 1977 1048 5768 4639 4359 595 8434 241 356 2952 1294 5719 5883 3767 5760 1389 9356 1624 489 4585 2006 2293 7890 3008 2774 1958 2750 9726 7643 5645 1914 9909 1148 9555 7753 8837 972 3523 7886 5277 7388 4630 9896 6370 3378 7566 6277 1966 1641 6615 5552 8570 1561 554 2701 9583 7880 9028 6328 4312 5217 8006 6952 7372 5892 5039 6649 2172 9486 7271 4218 3336 4363 4989 1380 3911 8057 6692 2317 838 5519 4617 1596 5280 2734 1816 6637 9311 1942 9071 1463 7698 7500 1683 1725 1823 1098 1026 8370 635 1815 9833 9952 5048 3113 3959 5226 6398 105 7713 1296 8414 726 151 2627 3026 7709 2183 202 3337 791 1089 1045 1106 1330 6043 784 566 1349 7494 5642 5931 415 3728 9110 3766 5167 7915 7729 2064 8553 5565 2134 3357 1159 1418 1166 3065 4750 1663 5404 1060 6115 6065 7544 7008 2398 1590 4650 9160 5389 865 7386 3331 1052 5380 4453 2169 8980 9680 5843 3781 4673 8017 5254 892 3177 3064 3157 8525 9898 7561 8522 2905 371 1430 6857 4213 8629 587 883 4189 1659 6781 3802 1052 40 8508 7477 3962 7168 1296 8870 4596 1354 131 9818 6194 4532 4491 2432 7173 9736 11 9038 320 7405 9370 4464 8936 6801 9204 243 495 9990 5632 1281 1949 9770 2434 8414 5568 2044 4018 1235 6662 6491 8109 8184 9304 2673 1545 6871 6954 4160 7519 7934 5776 5228 212 3733 7571 7001 8136 7761 2243 2678 8724 3033 3519 411 6541 1767 2740 5615 8318 9713 2307 9596 8213 5289 2982 4743 3756 545 451 6379 5883 7699 1 1541 9036 7616 5611 7094 6447 1671 3556 1716 6576 2920 3434 2674 8581 778 9485 1281 1116 8970 8498 2422 9541 3733 1011 2046 2635 1575 9353 5680 6505 9557 285 978 7370 6952 8730 8255 8802 11 7880 487 1691 4391 8469 8887 6370 9117 8068 7674 1316 6020 6843 2800 6787 387 8199 2815 1678 1505 3827 3591 6383 3467 9401 634 8726 470 8 4972 7159 8486 6919 9303 255 8782 5577 3618 557 3033 7313 9283 4270 5768 9127 1874 7481 6397 3148 4976 2525 4231 7610 3257 5351 895 3920 3462 296 3714 7165 2277 1847 5376 3402 3708 3203 9781 6349 284 2924 1974 1531 8595 9010 5470 9006 4101 9214 6105 5479 620 9872 3233 150 5597 6072 2039 1432 412 8489 5652 2560 4051 3258 6625 8313 5103 7919 8964 2554 7308 7016 6891 8827 6722 9321 4734 7543 1712 7945 5360 3075 8760 3791 5414 2766 4843 1274 5836 553 6598 8927 4836 3193 3645 7385 5216 9195 2887 2699 258 5063 4730 4746 4706 5560 9 8201 3824 443 251 2468 8746 4838 878 9106 1728 8651 5771 4821 2726 8156 8524 9219 2170 3473 1563 5818 2870 1848 5085 6127 2712 7693 4831 6392 6609 4651 8959 9563 2587 3585 1343 8870 2350 696 2613 7089 9317 1172 6470 5105 1884 4905 5157 654 1981 7984 5014 7446 43 7562 2184 4931 494 596 1506 9531 2529 1739 5469 2072 5992 4722 4386 1607 3766 7138 3766 8228 9374 3874 8339 1654 1224 2487 5161 3734 5414 413 5589 2294 5927 6950 1600 592 124 2403 891 7340 8362 4561 9433 3606 6895 6245 4863 3503 6552 604 3831 2227 6514 9404 6091 1292 2928 847 8592 949 8733 7393 2656 2145 1218 8887 2141 3804 6010 5314 739 5826 4275 8037 6605 8495 504 723 6027 1910 5773 6861 2002 8007 2171 7819 9445 1979 9613 952 5202 5697 6090 1891 8896 8222 2579 499 7848 8944 7679 4474 9345 3828 9174 1950 7969 4745 4379 5364 7216 9781 5229 2701 1631 8166 1199 6582 9737 3435 3703 3099 1672 8900 6756 2588 4764 743 948 5474 4152 9605 7012 2435 7245 5788 7929 3268 8667 5118 9503 2015 5541 8434 7456 406 228 7289 8039 566 6079 9284 822 4767 4378 5157 2356 7267 9564 1059 5995 221 6181 8593 1009 3620 2128 6209 2453 1056 773 1589 909 9933 6962 6486 9262 1582 539 9177 9483 3747 5360 3215 865 5533 3854 5515 9635 3889 7609 3354 6129 7708 8760 702 9022 9862 1153 731 7858 2634 6054 7046 4285 245 2448 922 654 5021 3932 6844 211 3044 6083 1746 6929 7693 7566 3008 455 5054 2057 4643 1262 1926 5336 7170 1059 7633 3096 6754 760 810 439 1896 7671 7024 9046 6020 5913 7148 7005 4220 23 18 1760 1462 6383 2870 9905 7115 9032 8001 6615 2008 4505 5124 7357 2919 6711 812 1741 2814 6510 7718 6783 7461 6995 3445 7116 7198 823 1570 7752 5520 3838 868 1984 2852 865 8176 7728 9300 240 7378 2760 8128 6012 3341 4896 7620 3460 687 6953 279 4734 8217 406 9812 7769 5629 7563 7166 4368 3993 3860 3104 8929 9203 4122 8163 9679 8981 9282 4707 5765 5243 8054 1284 4669 874 488 4624 1136 419 1907 6117 8254 3721 5252 8701 6160 8800 1834 7006 9804 70 7178 4083 7688 502 4390 778 1939 9978 9743 464 721 5521 3368 5354 5333 5810 829 2037 1924 3344 4788 1824 4167 3902 498 5864 7921 5589 4689 5092 6354 4787 2017 9251 395 422 1245 1379 2723 1354 6751 147 4266 2319 118 8747 4364 7262 9543 8874 1432 4669 8162 32 8305 9458 9479 6718 3924 1572 4201 938 283 8616 6849 1383 4146 9259 7526 1781 8616 1547 9339 3781 1753 8843 265 8239 9625 9830 2719 6135 2083 7011 4071 6205 5235 4874 9692 8661 5697 8663 1753 8583 1055 8588 7075 2471 2228 1948 1081 8327 2170 8325 9002 6140 8117 4013 1848 8975 7718 1905 7836 4036 4191 3162 6171 8640 8263 2897 1095 8310 4351 8947 6505 3203 6870 9992 5021 8187 1979 3601 7534 5731 209 2177 8629 5681 7880 8622 7916 625 1209 1208 2071 9241 418 5017 5893 5695 4963 60 7810 8730 3352 9155 3697 38 2968 3604 9946 6187 1389 1204 6894 7072 5525 151 3570 77 6216 2566 3131 3998 9707 9874 6759 399 8549 7416 5213 4100 6112 5622 885 2199 4050 6189 1882 9928 
7020
2295 799 3344 803 6378 1408 7190 2413 7550 3339 3446 3422 1452 7167 7199 6020 7672 2932 2604 4256 1536 4955 645 6758 933 8294 7447 5686 8825 1851 1009 5740 8889 694 2976 8452 3694 9405 4829 3907 7935 7144 1894 2146 5529 5776 3931 4460 1553 4086 4633 5562 4265 8183 4956 685 65 479 7952 7084 3248 1549 2553 3806 2772 2438 7620 2154 4054 9756 6030 1773 1425 8351 739 156 1380 5252 3497 842 566 9574 14 5613 4362 2346 5024 412 3651 3736 5340 4955 7514 1159 3896 9403 7117 5767 9029 7611 1306 4645 2431 4820 6397 26 8983 339 6838 5205 8035 6952 6478 3979 1492 9903 7996 4364 8904 7196 579 5127 8753 5597 2622 6945 4438 1450 7823 7346 2633 8416 6707 9568 8505 9519 2250 9392 7608 705 534 3018 2512 1612 7619 8813 2721 1817 438 2771 4718 9333 7992 342 3785 5960 1445 2947 4716 4837 111 5230 8618 2209 7849 7798 4324 2152 2177 3370 4048 1612 6813 7692 9192 1311 7802 6981 4879 9859 2673 3881 1721 2783 6827 4764 9707 8117 4262 2054 2560 4258 1928 5475 3614 5590 8035 1454 2793 2197 2090 5807 7718 1309 1891 466 7010 5113 7405 6618 2820 4884 7556 85 6465 546 1811 7938 543 956 3226 2161 1404 4843 544 5530 703 9207 2442 432 4110 639 4460 247 1714 7628 2159 8660 3896 2513 5060 4484 7850 102 2584 8784 1102 9894 5929 1871 1229 6789 3432 7244 278 3222 8719 7002 2179 8827 885 7941 2381 2734 8320 8859 1116 1824 3114 5674 4449 49 7654 5340 488 2143 2661 6225 616 2994 420 2731 6989 7511 9081 4592 2744 7531 3006 1195 2324 3643 3357 7732 6236 6938 2653 1809 220 1971 3195 9917 7798 4687 1404 9801 8774 1688 7330 1968 2823 127 317 847 8423 140 4549 4804 9032 4644 5445 1877 1865 6895 1721 9637 2677 5978 5772 7892 4234 4027 2715 5876 5901 3204 2478 947 3355 73 776 7813 3907 3701 1676 1777 3651 2346 1619 3488 1136 2935 7403 4209 2442 2479 5250 8497 1535 8552 1476 8361 5886 9073 3857 1352 1855 5576 3603 1554 7937 3754 126 9945 4580 8700 1576 2475 4473 5850 8411 5101 2183 9518 5737 279 5983 2179 624 767 2705 4858 4590 8634 1584 7773 7286 1920 8820 514 1299 5791 4367 1539 1613 6787 9459 6075 5354 6821 1905 5795 1526 1873 5365 7471 8326 1869 8096 1826 9162 5143 4453 6601 9265 3822 6953 4215 7233 2004 7253 3772 343 289 9245 123 1644 5611 7686 2748 2137 5622 8948 6911 9436 4887 6705 4147 4075 4925 837 678 4056 4705 5106 1453 9606 5965 9599 2070 876 3804 8744 1532 999 3073 2852 5787 2964 4234 4007 7141 2078 2150 2280 4580 9717 228 7829 5633 8448 5086 2710 341 1444 2006 8592 8590 6277 1264 8043 131 4492 65 4950 7019 5626 166 218 5467 9565 1015 1532 1951 6352 3837 566 1004 2887 66 3192 6755 6860 7688 2507 4776 2099 8445 8903 5923 965 2846 8326 9542 75 9610 360 2193 6537 680 7288 2915 1774 394 671 3074 4392 9508 6151 1805 4109 9880 82 1071 6823 2228 1629 1366 8672 8735 5631 5637 3615 9071 4630 9335 1489 1807 597 2214 5371 8959 4758 5307 1791 9052 7430 678 9422 5986 3361 6655 5949 159 1388 6414 8570 9593 8994 8777 1217 8131 3968 5884 7962 6924 8661 3662 1701 6568 276 6513 9257 6276 9773 9402 297 820 3419 3666 2921 5951 8510 1420 79 237 7292 6584 8893 1440 2739 9095 9966 9665 1939 784 8767 3084 8570 1795 6624 2654 687 8796 6347 830 3155 7081 7076 6234 3077 6911 161 84 1589 6011 6653 2765 9115 1349 2839 2511 4681 9529 1488 5217 2094 1497 9045 1159 3420 2589 9578 8297 7645 5965 1352 7749 3249 5344 1015 2983 8139 9558 7440 455 6270 3763 6620 5396 5473 284 6481 2784 8618 6871 831 7212 6426 2382 2837 1686 2565 2789 5754 8879 8102 6429 7241 9090 9312 9079 2251 8226 4247 9484 6539 3299 6512 365 9415 7404 583 631 6915 1931 7568 5801 2146 5849 5920 2073 7975 7664 6268 7027 4984 2026 3538 7331 2469 1068 2583 2758 1720 7971 1568 3308 8573 7309 7189 8321 803 300 7027 2204 2260 8246 5457 6119 1458 176 5462 7936 546 717 4009 2287 45 8673 9336 7321 2052 9595 7981 5972 6069 1538 5870 6381 7372 879 2388 9095 2267 7212 4687 2484 1660 2491 6503 2744 502 7018 4470 6076 3199 4933 7252 5137 2817 3069 5411 3781 9264 3048 7948 6203 6586 3256 1289 8326 6096 8256 2645 5430 1621 6277 6273 3223 8052 9585 3065 2949 7351 3742 726 4101 8533 8561 8373 5568 2587 8309 40 2833 3935 8425 5835 6049 3664 9068 9257 9200 626 4457 480 727 9625 1710 99 3212 7092 9681 2255 9126 252 9332 7616 2818 1245 2312 7268 3157 8820 6961 1568 4867 1385 2425 6978 7695 3407 9927 6806 1635 634 3121 397 9043 1680 8271 76 8909 6531 8786 4865 8787 398 2245 5818 2845 1518 8291 4745 2600 83 441 6707 6244 5191 4205 393 3981 1022 2864 6569 3159 2351 4816 5045 5711 2290 1264 2947 1040 6842 5372 3671 4564 9781 9784 7150 7996 561 1064 6364 945 5121 9014 9465 9291 8257 1551 2616 7330 9126 2687 1240 6644 4729 5342 4590 9494 1670 4842 5522 4606 9520 375 665 4208 8872 2565 7955 3592 605 3826 1366 8664 86 9647 2219 3378 8974 7478 8327 8056 7743 3052 1884 2625 514 6356 113 4271 1909 5397 7440 7807 2622 588 1519 7825 15 1749 2945 921 4907 7766 973 276 233 6460 4639 1071 3990 6395 4190 1589 1535 2624 1326 5911 6240 4745 214 6273 2502 935 9477 3115 2460 802 6657 6173 7428 1806 2432 8310 515 2702 90 959 6530 5814 303 1979 2051 2404 1621 5714 2577 8914 1828 46 6699 4325 7174 6853 2050 7242 6937 8969 3601 7202 7415 4061 1036 2219 6792 7289 2732 3681 8374 8239 9051 2916 7313 1678 6314 6540 2948 3335 7579 7210 184 78 7708 305 6951 9715 2097 645 3492 8082 4405 2899 2649 2488 7106 9617 9233 888 7887 1607 9159 7533 2505 750 9375 8944 7574 9528 9715 2475 7894 3345 3248 9791 6106 3124 259 9219 8826 3552 5646 6367 4257 701 9360 2040 2076 4570 1331 6412 3331 8153 2231 6608 4551 5613 3023 2360 6573 722 5451 9048 5049 4766 1782 8936 2526 1846 4257 6541 5829 8916 2735 4005 797 344 9298 2883 7026 7565 9190 1597 7441 846 4893 5586 1946 4344 3163 6479 7847 7473 7362 5780 2445 8393 8305 4307 320 768 8088 3512 8571 232 6928 2687 5456 5725 6200 1378 445 5794 51 3987 9616 9678 5360 5241 4397 2631 1994 4590 6957 8525 7410 8824 8121 2762 9241 8662 2167 5577 1810 4318 9924 1541 3223 7300 691 3203 1947 7933 5461 834 6752 1557 281 1569 1066 5934 7942 1171 7316 8715 3255 2319 1233 3916 3062 4186 5542 730 1772 1657 230 1029 167 8497 4989 9771 7214 530 5937 844 5377 6500 3894 2092 884 368 8658 3145 1565 3970 9761 2382 1580 8686 3689 1911 123 2288 9295 6278 8326 1320 4604 2534 6989 8998 123 7997 9527 5155 4020 9063 9834 8224 2750 1040 1128 4082 4000 242 1659 1119 5561 625 3333 9922 8848 1555 4033 5 2654 1508 4814 1039 2636 1144 7181 7020 423 5842 393 1453 5723 5589 4183 3679 6350 889 46 3184 2172 177 3720 479 3780 7210 8169 8020 7232 8406 2464 8048 5066 5194 2476 2517 6782 1525 480 9849 4987 4210 6362 6264 2558 6847 5649 4920 1632 5631 9389 5073 1934 9325 6187 3228 3546 9107 4001 6362 1344 4217 2191 8745 2652 1009 1879 6083 7642 691 1262 2551 5741 9973 5011 5052 8020 1613 8863 3475 59 5226 1934 5773 9566 8111 6605 6621 2355 322 2532 5263 136 7556 5703 3896 3290 5201 3543 1760 3336 8011 5774 9038 7447 8738 9403 2978 6519 1015 7562 9721 6998 1137 4248 2076 9492 7616 5462 5690 7767 6367 2027 264 1776 2111 9055 9686 5997 4450 4549 2036 8432 3509 441 8228 6000 7618 9163 7665 4446 4069 3962 7345 6811 797 3924 3863 888 4037 2348 8780 2942 3188 7934 2767 880 6690 4016 4538 7085 9708 3001 5255 1178 2329 9094 5123 9056 2461 4938 5362 177 9374 3846 579 529 5910 9577 9013 9379 5929 9802 4778 1105 6536 564 2171 1280 7988 1457 5725 1235 662 794 530 4574 6431 1902 8034 8174 619 5633 7548 8536 8956 8710 1432 9248 4148 849 6799 9803 9731 2230 8653 3846 2594 182 6501 6024 5054 7963 8293 421 8505 9777 5596 5301 1198 7512 5818 2212 5412 1175 7095 5259 8885 6388 3526 8592 7455 5633 6187 3449 1466 5913 3147 2823 7355 9147 6243 7376 2056 917 6140 525 397 6662 5117 2021 8831 909 642 8393 4431 2517 9339 6371 8658 421 2728 857 3742 2851 307 6358 5047 2842 9854 2522 4475 9772 8816 4048 5514 1721 5402 9185 5002 879 3454 9848 2186 20 2450 8469 1238 4403 1009 6038 7354 6228 6515 2867 9659 751 7519 2712 9506 1345 2606 3033 7418 928 3025 3969 2604 9804 3829 2411 2488 119 4662 3108 9239 4646 34 8097 8127 9832 8528 5949 1943 1095 4609 9814 6124 4764 2037 1449 8995 5464 6849 7274 5615 2512 144 7049 4549 3080 4183 4577 8990 4164 4189 2579 7550 1995 9963 7459 4435 61 8016 1473 4511 5254 5577 6954 25 2419 3311 3488 17 5573 5809 999 3 5444 1140 1345 8766 1333 8071 7357 2150 5519 7180 1020 2566 1146 9348 644 2698 8441 9754 4424 3963 8042 1299 2375 2524 3964 4948 660 1430 2224 6021 2791 4719 8899 1141 7970 2255 1754 2110 5254 3878 4943 1242 7638 4856 4124 4150 732 1419 2741 949 8604 5395 1739 8664 2534 2444 1742 7485 6783 8280 6146 4566 6834 936 5845 6668 3410 7136 640 1763 1140 6519 2525 9839 859 108 4824 8103 244 1680 5592 1273 4259 719 7728 3407 3949 6720 5281 1153 2120 4128 4403 1835 144 5801 275 9472 1675 7881 2767 7502 5183 6688 1072 4436 2786 826 1783 8257 3458 2223 2347 6255 855 2503 7570 4577 5974 4417 6206 344 1687 1493 7002 8764 2569 729 1669 5465 7684 6850 3710 1416 5919 5275 2721 7887 275 8474 944 9436 3024 6065 4918 2190 9838 7362 232 3460 791 7175 1629 9147 8644 6945 8591 2369 4021 335 1602 255 1108 8754 293 599 4716 6366 5095 9979 9398 8564 8428 5310 1652 7725 3472 1230 802 8105 3787 5730 6186 7066 9685 5808 3671 7706 1228 211 5548 740 8835 3611 5301 8962 5677 5461 5774 2787 6843 2957 7139 1727 9459 97 424 7693 6434 760 6394 9892 2018 2066 5541 3201 2303 8274 1128 6122 8838 393 5494 2336 1456 2229 8366 6890 7662 9722 3357 7167 7637 463 5234 2020 9436 5788 483 5192 6019 2323 4638 4699 2278 6461 9538 7894 6898 1414 7359 4119 2760 1564 7803 8715 1344 9731 9319 5378 9759 7645 97 7037 8172 5832 1867 4779 5631 456 8572 6485 8236 1623 8310 694 3167 6218 7224 495 215 9798 2388 4282 1736 1218 9251 7741 331 2207 9160 2385 9049 9574 1459 2500 5705 2096 4439 1532 8262 5484 8733 1037 1812 6828 9402 92 4084 9185 479 789 1718 6617 991 1546 1918 4630 2215 3245 2346 4368 8105 9921 8323 3629 5737 9627 7443 912 6796 622 6646 2800 8909 9816 7572 267 3586 8535 141 6523 1247 8368 4662 295 6089 433 1331 7613 6365 6101 9573 6159 5586 8952 2246 4011 8524 7692 2691 1935 4771 3819 7514 4877 1572 2525 9059 3963 1286 8477 1092 2703 7071 6023 8863 3417 888 1653 2639 9297 2511 7611 6915 1682 4715 4495 122 2695 9317 3005 3472 3446 7877 6937 7768 7498 4794 374 842 1333 3838 5799 5790 9973 1098 5284 4090 1030 9510 7199 4217 4889 8755 3352 1373 1971 3356 2222 1430 7737 4906 614 8371 6187 7608 1985 3416 2527 5015 537 4049 1023 7331 3196 8806 2197 9301 1949 9439 4038 8057 5255 778 141 1571 403 2666 2218 3054 7388 7523 4970 4917 1537 4228 7832 4678 2251 3411 4068 5971 7231 2527 308 4299 1254 3810 2712 4953 7787 2261 1346 6315 821 1673 5813 261 9046 9843 7310 4567 5907 9928 1841 7341 1061 6138 7445 3477 9982 8577 610 4230 7872 2221 4457 6495 8443 4650 6469 5230 6070 933 481 1586 6784 4735 4282 1427 6599 1904 4599 7872 6041 9278 2502 7465 441 5757 2088 3151 8708 4377 2880 7497 8612 9026 1832 9352 52 7047 8964 9068 1574 7623 6971 9320 3922 8595 8468 2804 6351 9944 61 2162 5639 6380 1026 8947 5206 2998 1915 6523 8147 9219 3222 770 2643 2631 1560 5820 4793 4129 3470 9308 5042 9986 4969 9716 9825 7598 9065 2192 326 7780 2137 5844 5973 2219 8187 2738 4084 6029 7845 2865 7604 5081 6221 1882 6356 2051 4161 6997 8194 9199 9338 6084 8724 6702 5554 9422 2742 7960 83 7455 4820 5787 3426 1005 5131 6882 9148 3694 75 2346 9423 8968 5967 5185 2540 4266 7648 3487 1548 1497 6439 1898 9233 5133 3602 5780 9502 4302 6041 6072 1609 361 2097 9829 8992 1719 1856 7866 1306 1199 4914 6627 5888 2538 8316 3555 1691 6952 3151 8003 6399 8850 8063 345 6361 5024 2165 7948 7285 6668 2673 7431 1508 1670 388 9564 2523 4041 7245 2843 8143 7469 1842 1187 3408 494 3778 2696 2659 6270 3769 3846 4485 567 6723 8997 1708 9923 5636 4957 3536 816 3480 7708 3723 8814 7734 8438 172 4938 4746 8588 1986 5856 7300 2752 7847 8972 2139 4215 8811 9682 3605 1360 6803 144 8427 9717 7873 1296 3977 5120 9814 4722 7188 9984 2742 3753 2607 5387 7787 3364 8463 2054 4636 4240 4766 2914 9230 3325 5533 7129 8523 9182 1037 6379 1283 1989 7071 4546 9697 8974 8650 2236 4608 1114 2110 9210 829 6815 519 3140 2606 254 9316 368 9507 4406 6456 3219 4508 8119 3985 7862 3484 665 407 8524 12 5262 1671 7396 867 8389 7089 6666 6101 6400 1678 515 9097 8392 7414 8217 1567 7456 1649 4227 561 9896 556 7304 7562 1603 4335 1941 8693 4555 332 2910 4775 2803 3594 9586 5615 2268 3764 1490 6637 3436 9980 898 9201 7245 6275 9857 4069 1570 3853 2806 9534 5391 3984 5996 4734 9545 9614 3375 9694 6876 5396 3975 1515 2204 6562 7076 1486 1709 6347 1883 1024 9831 5151 7536 3341 6660 8824 9396 5369 2876 513 4386 7008 8404 702 4980 3762 8626 6903 2507 8111 2020 1687 8879 8640 1969 7717 6004 3799 7871 1248 205 2695 9639 8752 9477 7030 3831 5515 8124 8721 6406 3029 7422 8577 3741 7868 2667 9310 1972 3939 4322 577 1675 6796 1343 5950 2586 8252 1607 3954 282 1914 914 7545 598 4695 3176 3555 3244 8309 3886 6007 873 689 2243 1449 116 1379 5719 8504 233 808 9516 8107 3129 1517 3343 2942 991 14 2072 3895 5766 2224 6719 1166 2426 2012 2498 7820 4989 2365 8325 4339 1435 5133 3817 2302 767 6938 2896 2634 4967 5487 2352 8422 9270 912 7878 8807 1641 9973 7453 1647 6748 5867 8591 543 6829 2087 5946 9738 9216 9885 5799 2220 8005 5888 55 2202 7304 5147 2911 7148 6952 8303 5574 3625 3050 1550 1741 6897 4366 7447 5214 241 1250 6963 1287 5123 9189 1424 9433 2532 4447 9035 9996 5082 4176 4835 742 7221 8630 9180 3804 9956 1714 9170 1031 828 3021 5966 7211 4725 3751 6877 4692 8790 129 3903 5058 8514 1340 7182 7975 9970 9265 2256 93 821 2754 8974 301 9509 7553 2646 6334 3132 2927 4190 2443 5991 7799 8202 3129 5034 3597 591 8167 2484 4305 3817 2246 8484 2633 570 5067 1900 5086 2420 9058 1494 5765 425 7797 8996 8640 3425 7822 5675 4550 3516 6473 83 7137 3800 3822 9192 6918 501 9790 1525 3067 5335 2379 8034 7796 8988 7773 1483 1694 2207 8114 3316 4447 6428 5238 1689 7597 901 3843 6282 5919 7956 7194 151 2545 1505 2947 3800 412 3639 8354 4961 2997 5826 9850 1556 4613 3884 6102 9655 6169 4729 2278 4967 6490 9343 6503 4141 2959 425 3766 7808 6658 670 5014 3787 2209 7101 4112 6849 2758 7692 58 6846 1817 8626 6235 368 6244 130 7470 7894 3959 2905 4821 9287 1565 1113 7344 3447 3326 8855 7982 2805 71 9937 6052 4664 8839 2340 252 6027 9084 9933 1279 86 7309 1343 2437 8256 3369 9413 5628 6530 576 2856 2808 6045 255 7107 3690 5551 2898 1781 2372 754 3142 9158 8300 4229 7981 478 2559 3183 6501 9986 7496 5361 4555 7553 385 7627 348 4078 2809 3666 4364 9438 1558 4704 3434 2277 8877 1405 8708 3532 9376 5293 7607 4086 1623 7242 3546 738 3250 2628 8571 899 1598 9429 2538 7871 262 6121 757 1589 7580 718 2035 1779 184 8889 7349 1159 880 2506 3386 9940 2457 2528 4418 1126 1597 1776 2277 9386 2797 2834 5301 2536 6649 6828 4769 3346 3277 5539 7388 8994 1454 2415 365 2207 6054 9151 5768 4480 9548 4733 6861 5572 7800 9955 8207 6273 2901 9214 3752 348 8232 6433 5915 9880 352 5405 5898 2066 4430 1840 2249 1229 2279 1260 8963 2857 327 8506 8907 9786 7672 670 198 9270 6452 4765 2823 638 4856 8716 4842 128 2073 1290 1621 8573 9515 9089 636 2551 4208 6217 1029 1117 6382 8606 267 3530 9652 1362 662 9739 7149 7286 4523 304 6646 1078 6864 452 9725 2754 6323 8432 635 3892 7307 1069 6660 9583 991 5897 2427 5716 9702 5532 3659 811 5087 3835 4 4592 2450 4892 2819 6556 3797 2219 5941 5478 7076 7068 6109 2649 6267 3699 4020 424 9846 3249 3408 1903 2875 3631 8857 5387 6854 7536 2487 5853 1525 6577 7312 3691 3829 917 8625 6536 4813 5599 2922 3174 4953 6958 5551 1960 5578 8640 5053 2300 2556 7808 1562 4377 2264 8786 2591 8902 8587 2546 4810 1179 3287 6071 2367 2156 1880 301 5920 3059 9962 5923 1661 9069 1209 1714 4237 328 760 9168 3117 1258 7974 5332 4792 8646 2430 3130 984 5163 223 2793 8283 8622 9675 8132 378 9337 7363 8958 8999 804 1699 1249 21 531 3002 2512 5756 6240 1149 8235 1388 5338 5085 1523 6946 4125 7782 2703 5177 4468 3528 3935 9667 5021 59 7311 4185 2588 255 5150 8495 9459 3618 5599 6890 3553 6710 3951 5574 424 1682 1993 5764 5667 4855 7206 3745 3543 2790 9513 1805 4041 9488 3978 3130 528 2174 6897 6579 653 6978 2262 5215 7561 1070 6198 4950 2125 2388 217 6563 2456 7357 865 8699 5836 7470 5557 1085 8474 7527 4304 1290 3568 2766 3283 5783 8608 3820 1682 4144 1970 5942 3262 144 1421 3311 78 2366 3330 379 7844 9002 9689 6007 1245 6441 9136 4024 4872 9501 2736 2130 2091 5080 4131 10 98 1074 6036 2861 2426 7257 6373 2001 1774 601 7895 6893 4703 1101 5013 3637 1257 7812 2786 1065 6563 7959 244 367 4103 1402 8993 9565 1091 5648 6505 2619 7791 2628 132 5529 1392 9014 8926 9229 6541 6851 2687 6736 4576 6905 3648 8169 2767 2552 8491 1561 7916 8780 3538 1561 6249 9371 451 1169 3792 6490 1163 7371 6546 8709 1528 888 5118 4606 3315 913 5892 3798 6510 2288 2939 8250 8170 8127 1504 5727 8557 6593 6208 2689 5858 9120 7735 633 864 1111 1418 2125 9968 1329 2738 7756 8633 834 3338 1946 1230 4021 3275 985 8923 9669 6230 5705 1676 9647 18 6177 3583 8088 8310 30 9898 8235 4569 9819 64 854 6696 8098 4480 2470 6793 7314 5934 95 61 2738 2982 3040 5562 8132 7263 6759 7930 9790 1421 849 7678 2917 4713 6341 9832 1098 6356 1618 3415 6202 5657 229 8324 977 8723 752 2557 7870 4000 8999 2495 2477 5812 604 905 1297 2176 9806 7487 352 2661 3534 1740 5140 868 6178 652 1054 87 5661 7753 3694 8565 1902 6500 2816 8114 5352 3462 9017 8405 5170 7656 9379 2191 4096 3648 5014 2088 7890 5852 2727 972 8716 4580 8373 9814 6326 1083 5009 7340 5972 8950 3614 5787 4136 2929 7770 2228 1894 830 3291 807 7369 2991 989 447 116 7718 155 9807 2924 9947 3277 8235 9396 6462 1089 7098 2809 1245 1868 6826 1839 9032 4690 9332 5259 2515 9941 5873 2451 8332 2331 638 4418 221 3107 9676 6177 9396 537 7612 2418 3730 7688 9417 9486 4465 9167 1573 4483 7226 7095 6953 70 4069 292 55 6431 9969 2762 8018 1077 1991 7953 8945 743 7034 2556 2063 77 5618 6311 3863 6718 1594 1600 9182 419 9094 360 5409 8572 3849 6105 289 8385 790 5657 6588 4412 437 2384 1790 8277 8488 6615 6248 5294 8158 1649 5023 7761 2904 574 3000 8998 4971 7214 7427 4537 7669 4291 1317 9596 1907 6410 795 6489 3810 8972 3643 8794 6101 4287 13 6540 4087 2178 7451 3697 1521 4794 2901 7157 5662 6598 7239 2500 4028 4985 9903 6170 8166 9065 5322 443 2000 8244 430 532 7331 291 6477 4769 2346 2209 2440 2033 2940 3149 2466 8870 6555 6349 4199 5410 651 3990 4877 6063 2135 1930 7594 1629 8145 6354 1222 1297 5160 8396 2546 1419 671 9846 889 4825 6060 5372 8518 139 1550 5438 4518 1031 1427 5 9887 6110 2520 2535 9218 9662 2466 7785 5645 8137 5821 773 4435 6246 6691 1917 4656 5431 5503 4206 3224 2587 8403 2328 9087 8228 4311 4061 143 4299 5810 2168 2325 7602 5501 9424 5180 2267 5862 8845 6127 4904 8995 8811 5385 3907 7865 4876 9503 1902 6923 5651 8672 8973 6502 4350 4684 115 7965 2515 6419 2858 880 1343 3567 6375 1714 3722 2693 9517 5739 2431 808 353 587 7131 7807 8494 4225 4372 1223 5546 6843 8332 203 504 3455 9269 8308 6064 1609 7864 3740 8188 8245 3217 2599 3668 1167 7437 7764 1580 8713 4118 5616 2124 4173 7038 5981 7056 52 8523 881 1361 5063 1042 4097 2069 9396 5943 4351 5554 2226 115 8577 5673 2088 5575 5333 9936 3452 8912 6946 6992 7368 507 3408 1537 145 1707 267 5010 2826 6473 9236 8029 3734 2748 4408 314 430 1481 1365 51 4690 3916 9643 2457 7027 1688 7375 2085 6048 2203 7334 7121 8559 1990 9503 4664 6783 1723 4338 2298 2603 1159 3976 5141 2897 7059 6810 8561 1396 6789 5903 4698 688 1325 7264 2356 1948 8621 5727 6234 6020 471 2104 3399 647 9982 7846 1257 7486 614 6872 2 4335 1005 6950 5345 2176 9454 9215 4656 1408 8259 372 6623 2563 3499 9547 946 1708 1693 2620 2183 1088 7052 4976 5626 728 1387 7612 284 775 1011 5400 2033 5549 5458 2468 6665 4619 5590 8381 2049 8 1611 2413 9403 5012 7313 673 2171 5435 7249 8911 20 8556 4385 215 898 9098 9670 2137 5465 290 186 7991 2366 4206 3295 9005 1877 90 2995 1614 9787 9317 2516 1057 5828 7851 8741 9836 2808 8224 5425 7919 2441 9151 623 8164 7448 5860 3783 8917 5896 2023 8357 495 5043 2538 6011 1958 205 3572 2140 3993 6982 9120 8742 5032 5139 6015 1167 2307 5231 6677 7380 2660 5198 4883 5789 4175 802 1552 2005 7913 3730 4317 2073 375 775 1513 6127 889 5625 7939 5369 2215 8346 6238 3546 2762 8560 6794 8152 2206 1881 6128 9762 2006 2187 6718 9012 5217 2090 980 8105 476 6493 1710 3601 7336 6498 835 2723 589 7489 1181 6900 5215 4191 3466 1208 6832 3764 5362 9592 3126 799 650 5781 8366 2056 9673 7900 497 5270 3225 4107 3190 2002 7248 7074 7161 8588 4479 366 7243 8205 6411 1122 8009 2125 5098 7031 6753 7637 2016 1094 274 2855 5819 9667 7235 7133 6652 3628 3607 9904 5031 8593 1264 6218 172 8503 1714 5181 6855 7416 3961 5557 3556 2606 1693 8124 6936 7344 1733 3517 9404 139 9402 1755 8715 8372 9342 1730 8446 3085 7612 5614 5718 8406 2369 9851 4842 4070 7867 2781 2177 3258 3553 4850 8738 2254 5140 996 7978 9498 2373 6722 2526 8846 1271 4034 2385 945 6805 6608 8201 5030 4423 7626 5037 8640 8337 63 9665 7368 8573 3493 5094 5532 5755 7834 2123 1146 7765 2381 7033 1870 7272 6254 7037 6744 1024 4595 1383 1921 4210 4509 8643 95 6496 6763 7013 3720 3465 5997 9243 6628 2863 6715 62 5669 4461 2710 7304 3307 5065 3983 572 6627 8118 3096 8179 768 8813 5640 8995 6861 3069 1859 8693 4626 2368 1144 4406 8021 672 4940 7758 1954 2010 216 1968 6126 3265 6895 225 9097 5846 8643 4877 1426 7368 7448 9078 2495 5334 2200 7246 2349 9052 4296 8551 4069 8350 4491 8712 8016 8110 7238 1747 6396 1668 4596 9973 383 5455 7019 3646 6283 6695 6495 2194 483 6100 3189 7983 8141 4596 443 2432 5992 1993 9446 4609 8512 1298 1659 163 128 8092 8610 1170 4871 6967 3288 1974 7407 5709 6164 9287 42 7505 509 3508 733 2325 6185 2726 1329 9454 3833 4048 6423 9724 8611 2842 5452 4148 9264 3263 110 7088 9528 7267 4174 7419 9786 7369 2726 1173 6625 147 8493 1486 2019 8539 1208 9280 4283 4562 3092 5005 1434 8632 3297 8699 7849 1579 5329 3149 5058 1251 1969 4037 9680 7469 6807 2006 5956 1526 2893 383 2682 2651 557 5156 5195 1279 3662 8831 3475 8797 6333 5192 2374 5918 7295 2304 1359 9804 2150 5092 6857 7800 7970 2032 5202 1562 4378 6866 6493 1319 5484 4337 5062 2807 6401 2814 1499 8920 868 5305 41 4157 1365 4503 1381 9915 120 3618 6397 6085 5635 4546 5310 1926 4169 3867 8678 8912 5904 4839 6156 7890 3562 965 8175 7279 9762 369 765 5693 2165 4423 1174 8955 8675 7970 1551 599 7269 2650 2827 4110 146 2158 2199 7541 413 3725 7444 9544 5041 3147 5307 2817 9520 5122 8412 6779 88 439 5656 9031 2375 7135 3280 9391 624 3938 509 6681 6958 1871 801 8223 9145 4656 8301 5597 9271 8254 9749 3066 2852 4024 9905 4714 8469 3057 4149 978 8698 5560 1668 638 2882 3019 1984 4017 1443 4062 7013 3915 3962 6841 4151 6815 9040 6544 3832 1317 2638 1031 8591 6973 7810 3013 5974 8166 2082 3480 210 830 8784 7738 9896 8186 7791 6883 4894 9272 1077 542 9888 1251 9618 6656 5925 1703 8112 103 769 7590 7899 9791 651 6651 3026 4507 2370 2028 287 4802 2331 7941 6483 2295 1502 3619 534 4925 531 1181 8574 8891 8023 1914 2445 6269 5619 9823 7584 9228 6686 4344 6229 4735 1826 1530 6253 2369 6317 5590 4035 9588 6537 1808 9803 6166 6013 4848 7262 3043 4933 3656 389 5164 8672 9560 5828 3095 1945 4927 2249 5591 297 5779 9829 4685 2762 3 2651 7615 2335 7946 838 1800 9762 4278 4160 8528 7486 8522 6224 4061 2286 5729 387 1497 1925 7653 3102 8711 8368 1423 8147 8641 2072 3759 6387 6467 2253 1742 2019 7965 6080 4161 8161 3397 8159 6785 2377 1867 1111 5561 2851 7729 7060 1552 7071 7803 701 8392 6932 4387 6494 1606 2117 9441 6389 9955 5686 5529 3841 9842 1565 8292 4968 8035 2796 7731 9865 1415 6382 7521 7681 85 7440 729 1873 7629 3586 7305 751 4411 5470 8325 2684 1821 6712 1295 4919 2008 4694 7013 288 9753 3138 2939 3087 2104 9790 2315 9462 2609 3816 1834 9748 6022 238 6669 1324 5583 3251 6539 661 916 659 2885 2515 1836 9123 9123 2166 6295 5244 2993 8033 9273 5994 5098 9054 407 7984 9892 5216 9927 1423 7229 6536 4963 8054 8851 1997 2159 8491 2586 7382 3548 2699 2889 2473 1003 8415 2854 1002 694 6352 5236 8268 4091 6796 1274 7083 5722 1705 1830 2909 8049 3354 9442 1798 8310 5952 1973 1387 1989 4674 8605 2394 2219 5584 7323 9336 2098 1060 8495 4362 4589 1898 2439 3097 2247 1313 8514 6991 2327 1842 4730 9239 4007 1169 9217 7652 661 19 5962 4512 9289 9039 5532 5545 40 4327 9331 5255 1945 6473 9831 784 566 2944 4689 2143 6901 8257 1643 8659 6007 4771 6583 2884 5488 8302 8915 6284 5353 2903 2139 67 3395 3467 7615 2283 9933 2203 4519 2669 8023 406 9493 6100 5479 2653 7306 3176 9100 979 4331 7566 2978 3427 5077 1742 9765 1127 5903 5476 5530 2742 8751 428 4298 2781 2415 888 8016 3505 5425 7700 165 6020 5121 7276 4921 6903 4234 1484 2245 4703 8028 2023 9263 6235 2061 7388 6462 7892 3629 5846 1999 5925 6510 5491 8807 910 8035 9704 9146 6324 5976 147 3323 9419 3203 1345 8756 902 7418 3265 9321 4830 261 3176 6856 8178 1845 6150 8627 1486 6085 841 9842 5407 7520 6064 4386 1957 5892 2675 2451 9770 2565 1794 337 3042 8004 8171 7280 2580 4657 2240 6734 1400 6335 536 6483 9729 2904 804 3356 2205 576 9509 5641 5162 3582 476 8083 9131 712 3810 3026 8443 8511 9177 862 5042 9867 450 597 3654 1752 273 476 1860 4865 8142 7609 5151 635 5038 1168 7752 7718 961 7485 4654 3423 2429 7602 1352 537 8251 7473 6273 1294 9744 748 9906 4145 2015 6474 2407 357 3980 4429 8299 547 1172 3970 9733 4600 5596 2169 7703 3133 9911 3894 2676 5467 5916 230 3875 5647 8439 1126 9905 8090 7391 7121 7835 5036 8456 5256 7068 7362 9194 2055 4676 5854 2097 2502 9786 9590 1830 1581 1811 6831 3902 3195 7972 9531 8610 1145 7668 3472 9647 8058 9781 5772 766 6070 5365 7286 3735 487 7968 3815 2657 4707 664 6568 1757 9948 2647 1789 6148 5285 1700 1059 6078 9686 8613 7894 7397 641 36 3686 5513 6613 2901 9835 7733 4963 1975 8951 178 1679 8153 458 1403 1625 9502 1788 3824 7949 1140 1542 9103 3208 1938 1378 6879 3629 928 9764 2847 5831 1227 9273 6975 8335 8985 3776 7069 4591 9017 5861 4643 8152 4463 2197 606 1633 143 1151 2034 3490 184 7192 461 1472 3428 9426 649 9561 5036 5742 3046 18 3360 9295 6104 1807 1544 9713 2300 868 5253 9930 2352 9657 7531 3632 196 8675 6179 7611 8492 1217 7420 5708 4743 3011 2786 157 725 3522 9314 8891 6996 3324 8732 594 2267 6047 7882 9464 635 3752 6848 6381 6899 7452 3477 6289 1012 4582 305 4663 5364 50 1511 984 150 5882 5733 763 9881 4752 7625 1971 2912 3755 8743 3322 7666 7109 792 4541 6803 2164 4613 5447 3635 7063 4980 3090 1413 772 930 4651 4883 3183 7682 6614 6864 6029 2629 5587 2654 6762 5930 6367 3761 4440 7736 3709 100 9786 2394 614 906 1840 6762 1743 9048 9987 2977 2186 6209 2083 2797 2160 3186 4238 1108 3118 5983 4516 9545 8445 1949 1801 5677 1462 6193 859 1927 5765 5737 4837 4759 5821 570 3636 615 6589 5226 6455 6659 8658 1119 172 6363 7853 8167 3880 1830 710 3353 1991 6121 2001 732 854 3801 2496 535 6380 7709 6809 8041 64 9288 4154 2634 759 9205 8458 8785 973 9011 6209 9383 1814 8419 8474 8859 1509 2608 1000 4040 2525 7711 6696 341 3638 9335 7174 4635 3955 7810 7474 540 929 5636 371 2081 9842 7436 828 245 4011 4040 3775 5153 1675 8702 8544 4359 9725 7225 8059 9555 1471 1537 9049 2174 6916 4030 5662 21 7191 3437 6166 666 5474 4484 7858 6953 4333 2083 4957 4654 4778 9547 4453 101 6769 1588 5894 9362 8168 490 120 5090 3141 9463 6124 465 7879 3431 6754 205 9282 2135 2912 379 2169 7535 9694 3433 2800 98 3717 5428 3986 6052 1033 6811 2001 556 1668 8627 2445 3770 5110 6125 8663 762 1066 7813 5222 1337 1706 6843 1306 4391 9973 7 6526 7518 3120 9689 1699 8611 7755 1583 3851 3402 469 7083 4627 7566 7555 5284 2437 1154 5117 3516 4285 9345 9257 1345 1914 8109 3165 4648 6695 9798 5695 9943 7259 5417 607 7569 9838 1083 5495 6664 2557 9702 6641 4701 7023 8148 5786 2524 1225 3289 1926 2871 4142 2070 7700 2095 6891 9594 9011 6474 6771 892 1733 6177 4583 8775 483 6441 3912 1157 6977 5349 2559 1311 3124 9898 3917 771 7441 3603 6158 9080 1479 1782 1956 9358 3936 5622 593 5433 1284 7162 7973 6544 287 7534 217 625 9076 9353 202 2647 7250 5151 2282 5614 422 2120 7924 1318 1376 2913 559 1222 2186 8753 2101 7347 3287 8622 2196 3522 3417 769 3556 4106 9638 8439 4618 558 4107 3033 5644 1241 7441 3647 6118 6554 3199 4497 6781 4771 4224 4910 2019 7900 3847 7040 1306 6813 9920 2319 9611 8316 4073 5029 201 7268 305 610 9746 887 223 8962 6758 4500 3686 6779 1035 3564 5816 4907 7808 9058 1464 6882 6865 6626 5957 811 5882 404 3012 9073 9488 6992 3308 2432 9708 9891 9960 6905 761 3251 1768 7834 7952 5696 6506 7789 8897 9868 2328 7680 1749 1212 1889 8949 7394 4863 7708 1755 5567 8174 7817 1308 5513 6053 6411 1912 7925 7714 2980 243 2630 4779 15 4026 5985 4436 8660 8284 8607 6945 8183 6358 3396 1209 6530 4063 7406 2172 9684 5238 9679 358 2906 7048 1807 4724 4525 1623 6891 9414 8124 3607 754 6390 7627 1131 2738 3273 6220 9935 575 67 1293 935 3732 8128 803 776 2205 3600 4934 3077 2659 6290 4620 4382 3993 1556 4026 628 8232 10 9160 8351 4806 29 5269 4723 5212 9398 1339 16 3943 2764 963 7850 7790 3994 7900 3241 3062 2452 3433 9073 4067 5483 8153 6996 4737 590 5451 5510 8690 2996 5936 8658 3192 5896 2227 6828 8292 9108 9479 8630 1056 2353 1729 8294 1259 2702 6022 2904 8291 1359 6549 3472 8583 4856 6472 4179 9901 9658 9031 2071 130 5436 6077 8776 5824 7982 7487 8684 6453 4411 1115 8713 1298 4413 3981 7141 2176 21 4984 9583 6634 138 883 8508 3239 3201 321 2516 4086 2079 9158 4254 9536 108 3286 8553 1352 1304 6960 5213 2054 6418 2796 8801 20 8310 8881 8478 6472 7430 5146 3156 1108 6237 1658 92 5722 6720 4829 6957 3396 502 9920 3523 6243 6121 1812 3437 1622 6365 3487 6086 9806 6417 7156 7494 6847 1668 6212 8377 9658 5514 4645 9105 6233 7055 2098 6120 537 6251 4595 5288 5439 294 9566 7790 7477 5533 1982 8940 1060 230 9603 4654 2310 337 4602 1760 1836 3136 2687 3822 7901 2264 7696 8508 5264 1016 1283 8167 2844 5578 5835 8124 6558 616 6039 4183 2812 5040 6364 3406 1752 987 2004 9023 1750 5978 6086 5863 7617 5154 1944 6549 9722 3082 9059 9743 4659 5874 758 2563 155 2054 9774 8912 1835 9955 4212 3510 6945 8746 1910 3547 58 7747 7083 976 966 4083 8641 9668 4486 8417 2858 4743 3225 5237 6807 2321 680 9330 1762 9315 2334 1510 6482 3934 5084 1216 5883 8564 2460 2625 581 6140 6612 5110 5391 5977 5149 7269 9842 1405 9781 4645 2922 8570 7170 8947 9555 281 5560 5651 2464 415 9900 8884 1042 7837 4394 2166 9782 4119 1524 7296 416 791 5244 4237 7176 9778 1845 2791 7810 3835 6804 9352 2098 6343 5436 764 9231 6033 4731 2891 9655 1535 2959 6517 7379 2565 1053 8830 1565 5864 4195 9085 1695 9941 1292 4544 9614 9043 3716 850 9511 3623 365 3536 8969 9431 4257 184 8307 352 3432 4594 5359 331 9501 8627 7199 2894 7852 9952 3815 1472 2879 657 1851 1631 8826 9238 4042 6885 4083 5214 4155 9191 6774 4757 119 1808 2215 4109 8104 8542 105 8097 8528 6444 9871 5142 5517 4736 4625 3603 8812 597 641 2083 555 6731 6191 9784 4259 8398 3082 8130 2566 2869 5543 8832 3525 507 8551 1318 2181 1507 1924 8992 5043 424 9532 2326 662 1299 8866 8880 228 3809 4593 3612 3559 1715 4930 8669 5457 663 8736 950 574 4279 3226 2600 4090 3473 2089 5225 179 8519 5874 9430 2175 2040 6302 3849 4273 8623 7880 366 9736 9194 5271 7363 4392 3118 861 9406 5293 1672 6959 2436 93 8647 2342 3926 6414 5097 9540 6654 584 8915 3835 7052 2428 5813 1419 9098 8534 1116 4939 9206 2094 2986 5562 2865 5429 307 1302 6531 5582 1402 3245 5985 3579 4028 6914 1698 2026 4522 7202 6607 1359 2093 263 3289 2467 2709 173 8255 3405 3251 9283 2031 2833 1703 3476 9821 4054 8252 4006 8371 5069 1811 8211 5176 9566 1310 6935 5827 6613 4574 2025 7953 4845 8590 46 7830 347 4610 8505 9985 7695 2330 4423 2034 3334 7243 2139 1504 6500 7520 9301 1510 2192 3005 3129 5455 8832 6980 3901 7250 8327 7292 6082 8207 8396 6239 2343 4154 2124 914 4714 9287 755 8490 5377 7895 7447 9021 4264 2434 6774 5975 2411 790 2321 8142 6087 9678 6536 7592 3580 694 3944 3932 1029 2286 2675 8470 5051 6766 2479 4703 4983 6873 2481 236 359 4853 8715 2901 3219 3466 2196 2617 3904 7608 2215 5760 3060 5342 2847 8065 7707 3608 8241 4966 3642 5289 1658 8781 338 8426 8555 1039 7847 2561 6082 3366 1858 869 4843 3963 7491 5632 3398 974 2011 1623 3867 9146 7913 119 4011 615 1220 2768 1849 7314 8584 1414 2634 1802 8036 2917 1656 1436 4195 805 5309 4818 3866 5998 7694 967 5154 9070 1557 5710 2005 744 660 804 4095 8016 1287 5826 1629 437 6169 9880 5641 2269 3434 9463 553 7815 15 3853 2804 9005 9994 3286 806 3017 1596 7425 2166 9625 1160 1553 2358 2214 8442 6917 2939 1521 7544 7115 9647 8207 5688 2480 6947 2407 2434 6522 6264 1721 8791 8234 335 3666 7746 4140 9679 8493 7805 3297 6840 2252 8 8831 5814 3223 4454 5655 904 2228 664 7960 9185 4855 126 5218 9759 2716 4090 6109 6746 8723 2840 8203 7503 1467 2252 7275 7918 7251 8970 2223 8144 2077 3675 5169 3853 7523 8398 4401 4029 3598 4606 7442 6733 1253 6131 6342 6453 1491 635 1415 615 2237 6714 2136 1210 3730 2208 5419 4457 7907 202 2596 1862 6100 3819 2093 9458 2660 1373 6987 9009 4810 6642 242 9209 9296 4512 3317 1756 2741 381 8464 2455 8397 822 2089 5178 6412 694 2436 9736 100 6310 2022 4433 8730 2640 124 1583 1663 6936 6462 4893 4142 9053 1102 5039 833 5772 1125 1054 4041 2182 8880 8354 9902 9107 9334 3781 2883 3031 2254 2933 4494 724 6254 1882 1783 8416 1991 682 1358 5577 2320 5849 7282 2966 367 6917 2576 4575 127 9313 8680 5440 7119 5903 7702 5834 7127 3748 3919 7850 3329 4727 10 2110 1333 3658 4482 4437 3876 5948 9593 9175 6042 1165 7327 2821 8446 740 1187 818 972 3854 6282 8402 469 8664 3774 6034 2405 1390 4936 9864 3557 1765 9360 524 6977 486 5156 71 1405 844 2472 2074 5556 9713 2013 835 4114 3907 2661 7484 7986 5421 9414 1556 6282 8931 3885 3363 1318 6445 3220 1560 2594 2200 6279 5716 9356 2057 2308 764 4729 2036 2658 8315 5239 3788 3715 9767 6210 8092 5708 1093 9179 1573 5284 1471 5814 3273 2059 1173 2003 8231 6238 4274 5696 2920 9992 7136 6621 2106 4619 9742 9599 7690 5535 561 1449 5271 4986 1225 9176 933 8369 1254 7310 4992 5741 3562 2081 6993 578 5281 9045 8422 1628 4350 3719 5084 9051 8391 3371 5024 2640 773 7369 7479 3048 6708 9763 1163 249 4594 283 6039 4171 38 1587 1780 41 8254 6468 1365 1047 126 706 2111 599 1445 3120 5822 7495 18 3424 4788 6028 935 9454 2579 933 6045 9438 3581 8569 2569 4099 1290 7667 4749 433 2090 4847 6513 3189 9163 7797 2612 2772 8445 2838 1294 4881 8228 3156 9480 9811 6030 5687 3390 102 7366 413 323 1713 7000 1953 8390 1864 8838 7200 5780 8722 3962 5928 8157 4830 4669 8946 1036 1937 9991 9905 177 3891 2439 9355 1169 9244 2966 3320 9073 4697 488 969 5454 4275 3779 8746 8609 3810 1266 2139 8753 3309 3324 1995 778 8501 3665 3638 1692 9651 8900 5234 7687 2335 1791 8740 4710 3187 468 6344 2233 3151 2096 1408 1511 6798 1397 3004 5859 6841 2664 4571 6223 4730 8455 3633 5278 2452 2367 2042 9503 8273 5213 2431 8423 7996 6660 6678 2813 9552 223 6814 3196 3744 8311 8795 3797 2633 2455 654 7779 9621 4158 1449 7667 8273 9988 1602 3107 2225 9569 8118 9082 4915 8555 6976 8601 1489 622 7866 6193 2699 4576 5891 7300 4820 3989 5681 6240 4348 6369 9497 858 9182 7309 9677 6727 7370 9212 5765 1793 1734 1725 1313 9207 369 9203 62 2214 3496 8756 6951 9719 6204 8223